Suma de tiempo;Etiquetas de columna;;;;;;;;;;;;;;;;;;;;;;
Etiquetas de fila; 1 ; 2 ; 3 ; 4 ; 5 ; 6 ; 7 ; 8 ; 9 ; 10 ; 11 ; 12 ; 13 ; 14 ; 15 ; 16 ; 17 ; 18 ; 19 ; 20 ; 21 ; 22 ; Total general 
DB/APP;3029;2407;2317;244;41;449;2873;3076;2835;2420;219;;2970;2770;2570;2758;2634;;;2829;2409;655;39505
edwin.londono@compuredes.com.co;461;349;439;;;;507;516;499;349;;;505;429;337;491;353;;;341;484;205;6265
jineth.romero@compuredes.com.co;443;413;383;94;41;17;445;507;507;446;;;450;557;523;466;403;;;439;482;137;6753
jorge.betancur@compuredes.com.co;547;220;414;;;150;425;544;345;168;;;395;524;387;375;439;;;576;60;112;5681
jorge.lujan@compuredes.com.co;488;400;;;;;519;493;537;430;;;513;516;441;499;406;;;493;491;158;6384
juan.gomezp@compuredes.com.co;568;543;544;;;282;459;558;578;507;;;594;270;398;595;517;;;536;459;;7408
wilder.sanchez@compuredes.com.co;522;482;537;150;;;518;458;369;520;219;;513;474;484;332;516;;;444;433;43;7014
NOC;2598;2835;2978;;;1032;3235;3300;2535;2985;12;;4451;3413;4659;3160;2769;;252;2970;3308;938;47430
cesar.fonseca@compuredes.com.co;480;519;334;;;;433;537;;761;;;299;482;341;436;294;;;436;408;146;5906
cristian.castro@compuredes.com.co;405;326;165;;;;211;285;428;271;;;406;335;462;263;235;;;320;445;;4557
david.taborda@compuredes.com.co;;;;;;;;;;;;;229;434;223;273;252;;;297;247;33;1988
jhon.sanchez@compuredes.com.co;565;516;431;;;;481;570;495;288;;;495;544;464;438;477;;;506;511;127;6908
juan.restrepoj@compuredes.com.co;204;;715;;;;547;633;586;669;12;;645;621;673;410;542;;252;261;760;18;7548
vanessa.gomez@compuredes.com.co;479;493;290;;;;595;154;510;510;;;474;510;482;510;503;;;510;499;74;6593
walter.carmona@compuredes.com.co;465;501;499;;;;488;641;516;486;;;494;487;364;450;466;;;;438;20;6315
wilmer.santamaria@compuredes.com.co;;480;544;;;1032;480;480;;;;;1409;;1650;380;;;;640;;520;7615
SOC;4097;4130;3860;6;;197;2478;3106;4069;4537;7;51;4004;3222;2548;3412;2873;1167;;2964;3249;354;50331
alejandro.piedrahita@compuredes.com.co;;;;;;;;;;;;;;163;;192;67;;;96;350;15;883
andres.villada@compuredes.com.co;320;376;379;;;;409;348;520;399;;;300;381;350;380;513;;;360;400;;5435
carlos.meneses@compuredes.com.co;616;496;305;;;;364;534;423;411;;;449;180;;426;240;;;452;;;4896
edgar.barros@compuredes.com.co;473;517;495;;;;432;560;500;715;;;654;767;457;461;327;;;353;356;120;7187
elmer.zabaleta@compuredes.com.co;424;241;469;;;;;360;520;273;;;573;447;241;458;335;;;421;209;159;5130
joaquin.osias@compuredes.com.co;468;1263;421;;;;443;452;407;467;;;386;268;460;480;446;;;471;483;;6915
jose.adarve@compuredes.com.co;791;391;1092;;;;484;475;554;406;;;476;350;349;196;;;;;556;;6120
omar.lujan@compuredes.com.co;568;411;436;;;;;;;351;;16;356;362;365;369;407;1167;;359;440;60;5667
steve.benavides@compuredes.com.co;437;435;263;6;;197;346;377;1145;1515;7;35;810;304;326;450;538;;;452;455;;8098
Total general;9724;9372;9155;250;41;1678;8586;9482;9439;9942;238;51;11425;9405;9777;9330;8276;1167;252;8763;8966;1947;137266
